-1.0001332
-1.0000715
-1.0000876
-0.99954107
-1.000177
-1.0002191
-0.99958848
-1.000201
-1.000355
-1.0001639
-0.99964238
-0.99962266
-1.0000044
-1.0002084
-1.0001196
-0.9999211
-0.99987516
-0.99971779
-0.99964856
-1.0001449
-1.0001807
-0.99993114
-0.99964784
-0.99964988
-0.99967271
-0.99976276
-1.000057
-0.99962698
-0.99973105
-0.99966373
-1.0002792
-0.99975672
-1.0000413
-0.99961881
-0.99976077
-0.99981005
-0.99975326
-0.99987914
-0.99963674
-1.0001737
-0.99962094
-0.99967764
-0.99998075
-1.0002068
-1.0001929
-1.000168
-0.99992879
-0.99957118
-1.0001521
-1.0001164
-0.99959323
-1.0001957
-0.99968538
-1.0001274
-1.000021
-1.0000067
-1.0002438
-0.99966362
-0.99953971
-1.0002033
-0.99968914
-0.99961649
-0.99982584
-1.000232
-1.0003012
-0.99947875
-0.99971005
-0.9996904
-1.0000249
-0.99975717
-1.0000548
-0.99979983
-1.0002796
-1.0001625
-1.0002249
-0.99987871
-1.0002925
-1.0000499
-1.00023
-0.99963742
-0.99994315
-1.0000425
-0.99966299
-1.0001595
-0.99966082
-0.99971828
-1.0001854
-0.99971453
-1.0001321
-0.99974127
-1.0000754
-1.0001377
-1.0001948
-1.000208
-0.99958947
-0.99997739
-1.0003098
-0.99961267
-0.99961098
-0.99982526
-1.0001892
-0.99965221
-1.0000391
-1.0003641
-1.0000944
-0.99994236
-0.99999273
-0.99992879
-1.0002012
-1.0001676
-0.99956909
-1.0001642
-1.0000828
-1.0002511
-1.0002147
-1.0001311
-0.99967098
-0.99967535
-1.0002267
-0.99999859
-1.000198
-0.99995572
-0.99992346
-0.99985089
-1.0001931
-1.0001811
-1.0000365
-0.9999493
-0.99997982
-1.000014
-1.0002831
-1.0000379
-1.0002089
-1.0001599
-0.9995905
-0.99963525
-0.99994931
